image_width: 640
image_height: 480
camera_name: narrow_stereo
camera_matrix:
  rows: 3
  cols: 3
  data: [2359.157527192795, 0, 640,
      0, 2365.207200317228, 512,
      0, 0, 1]
distortion_model: plumb_bob
distortion_coefficients:
  rows: 1
  cols: 5
  data: [-0.1123233935463313, -1.299462841134365, -0.01644433627835689, -0.01143844679682074, 33.74958077014485]
rectification_matrix:
  rows: 3
  cols: 3
  data: [1.000000, 0.000000, 0.000000, 0.000000, 1.000000, 0.000000, 0.000000, 0.000000, 1.000000]
projection_matrix:
  rows: 3
  cols: 4
  data: [1337.148438, 0.000000, 605.640265, 0.000000, 0.000000, 1333.494019, 444.618912, 0.000000, 0.000000, 0.000000, 1.000000, 0.000000]
